  -1.0000000e-01   0.0000000e+00   0.0000000e+00
  -9.0000000e-02   0.0000000e+00   0.0000000e+00
  -8.0000000e-02   0.0000000e+00   0.0000000e+00
  -7.0000000e-02   0.0000000e+00   0.0000000e+00
  -6.0000000e-02   0.0000000e+00   0.0000000e+00
  -5.0000000e-02   0.0000000e+00   0.0000000e+00
  -4.0000000e-02   0.0000000e+00   0.0000000e+00
  -3.0000000e-02   1.0000000e+00   2.8860029e-04
  -2.0000000e-02   1.0000000e+00   2.8860029e-04
  -1.0000000e-02   1.0000000e+00   2.8860029e-04
   0.0000000e+00   1.0000000e+00   2.8860029e-04
   1.0000000e-02   4.0000000e+00   1.1544012e-03
   2.0000000e-02   1.0000000e+00   2.8860029e-04
   3.0000000e-02   2.0000000e+00   5.7720058e-04
   4.0000000e-02   0.0000000e+00   0.0000000e+00
   5.0000000e-02   6.0000000e+00   1.7316017e-03
   6.0000000e-02   3.0000000e+00   8.6580087e-04
   7.0000000e-02   9.0000000e+00   2.5974026e-03
   8.0000000e-02   8.0000000e+00   2.3088023e-03
   9.0000000e-02   9.0000000e+00   2.5974026e-03
   1.0000000e-01   1.2000000e+01   3.4632035e-03
   1.1000000e-01   1.1000000e+01   3.1746032e-03
   1.2000000e-01   8.0000000e+00   2.3088023e-03
   1.3000000e-01   1.3000000e+01   3.7518038e-03
   1.4000000e-01   2.1000000e+01   6.0606061e-03
   1.5000000e-01   1.7000000e+01   4.9062049e-03
   1.6000000e-01   1.6000000e+01   4.6176046e-03
   1.7000000e-01   2.3000000e+01   6.6378066e-03
   1.8000000e-01   2.1000000e+01   6.0606061e-03
   1.9000000e-01   1.5000000e+01   4.3290043e-03
   2.0000000e-01   1.7000000e+01   4.9062049e-03
   2.1000000e-01   1.8000000e+01   5.1948052e-03
   2.2000000e-01   2.7000000e+01   7.7922078e-03
   2.3000000e-01   2.1000000e+01   6.0606061e-03
   2.4000000e-01   2.3000000e+01   6.6378066e-03
   2.5000000e-01   2.7000000e+01   7.7922078e-03
   2.6000000e-01   3.1000000e+01   8.9466089e-03
   2.7000000e-01   2.8000000e+01   8.0808081e-03
   2.8000000e-01   2.4000000e+01   6.9264069e-03
   2.9000000e-01   2.4000000e+01   6.9264069e-03
   3.0000000e-01   2.4000000e+01   6.9264069e-03
   3.1000000e-01   2.7000000e+01   7.7922078e-03
   3.2000000e-01   2.4000000e+01   6.9264069e-03
   3.3000000e-01   2.5000000e+01   7.2150072e-03
   3.4000000e-01   3.9000000e+01   1.1255411e-02
   3.5000000e-01   2.5000000e+01   7.2150072e-03
   3.6000000e-01   3.1000000e+01   8.9466089e-03
   3.7000000e-01   3.9000000e+01   1.1255411e-02
   3.8000000e-01   3.1000000e+01   8.9466089e-03
   3.9000000e-01   3.0000000e+01   8.6580087e-03
   4.0000000e-01   2.9000000e+01   8.3694084e-03
   4.1000000e-01   4.6000000e+01   1.3275613e-02
   4.2000000e-01   3.8000000e+01   1.0966811e-02
   4.3000000e-01   5.1000000e+01   1.4718615e-02
   4.4000000e-01   4.4000000e+01   1.2698413e-02
   4.5000000e-01   4.5000000e+01   1.2987013e-02
   4.6000000e-01   7.6000000e+01   2.1933622e-02
   4.7000000e-01   6.5000000e+01   1.8759019e-02
   4.8000000e-01   7.2000000e+01   2.0779221e-02
   4.9000000e-01   7.1000000e+01   2.0490620e-02
   5.0000000e-01   7.7000000e+01   2.2222222e-02
   5.1000000e-01   8.6000000e+01   2.4819625e-02
   5.2000000e-01   8.7000000e+01   2.5108225e-02
   5.3000000e-01   6.0000000e+01   1.7316017e-02
   5.4000000e-01   6.7000000e+01   1.9336219e-02
   5.5000000e-01   6.0000000e+01   1.7316017e-02
   5.6000000e-01   5.3000000e+01   1.5295815e-02
   5.7000000e-01   6.8000000e+01   1.9624820e-02
   5.8000000e-01   5.3000000e+01   1.5295815e-02
   5.9000000e-01   4.1000000e+01   1.1832612e-02
   6.0000000e-01   4.4000000e+01   1.2698413e-02
   6.1000000e-01   4.7000000e+01   1.3564214e-02
   6.2000000e-01   4.0000000e+01   1.1544012e-02
   6.3000000e-01   3.8000000e+01   1.0966811e-02
   6.4000000e-01   4.5000000e+01   1.2987013e-02
   6.5000000e-01   4.7000000e+01   1.3564214e-02
   6.6000000e-01   4.8000000e+01   1.3852814e-02
   6.7000000e-01   2.8000000e+01   8.0808081e-03
   6.8000000e-01   4.8000000e+01   1.3852814e-02
   6.9000000e-01   3.9000000e+01   1.1255411e-02
   7.0000000e-01   4.8000000e+01   1.3852814e-02
   7.1000000e-01   4.3000000e+01   1.2409812e-02
   7.2000000e-01   6.1000000e+01   1.7604618e-02
   7.3000000e-01   6.5000000e+01   1.8759019e-02
   7.4000000e-01   5.5000000e+01   1.5873016e-02
   7.5000000e-01   6.6000000e+01   1.9047619e-02
   7.6000000e-01   9.1000000e+01   2.6262626e-02
   7.7000000e-01   6.8000000e+01   1.9624820e-02
   7.8000000e-01   7.0000000e+01   2.0202020e-02
   7.9000000e-01   9.1000000e+01   2.6262626e-02
   8.0000000e-01   6.6000000e+01   1.9047619e-02
   8.1000000e-01   6.3000000e+01   1.8181818e-02
   8.2000000e-01   6.7000000e+01   1.9336219e-02
   8.3000000e-01   6.8000000e+01   1.9624820e-02
   8.4000000e-01   4.6000000e+01   1.3275613e-02
   8.5000000e-01   4.0000000e+01   1.1544012e-02
   8.6000000e-01   3.4000000e+01   9.8124098e-03
   8.7000000e-01   3.0000000e+01   8.6580087e-03
   8.8000000e-01   1.6000000e+01   4.6176046e-03
   8.9000000e-01   1.6000000e+01   4.6176046e-03
   9.0000000e-01   5.0000000e+00   1.4430014e-03
   9.1000000e-01   3.0000000e+00   8.6580087e-04
   9.2000000e-01   1.0000000e+00   2.8860029e-04
   9.3000000e-01   1.0000000e+00   2.8860029e-04
   9.4000000e-01   0.0000000e+00   0.0000000e+00
   9.5000000e-01   0.0000000e+00   0.0000000e+00
   9.6000000e-01   0.0000000e+00   0.0000000e+00
   9.7000000e-01   0.0000000e+00   0.0000000e+00
   9.8000000e-01   0.0000000e+00   0.0000000e+00
   9.9000000e-01   0.0000000e+00   0.0000000e+00
   1.0000000e+00   0.0000000e+00   0.0000000e+00
   1.0100000e+00   0.0000000e+00   0.0000000e+00
   1.0200000e+00   0.0000000e+00   0.0000000e+00
   1.0300000e+00   0.0000000e+00   0.0000000e+00
   1.0400000e+00   0.0000000e+00   0.0000000e+00
   1.0500000e+00   0.0000000e+00   0.0000000e+00
   1.0600000e+00   0.0000000e+00   0.0000000e+00
   1.0700000e+00   0.0000000e+00   0.0000000e+00
   1.0800000e+00   0.0000000e+00   0.0000000e+00
   1.0900000e+00   0.0000000e+00   0.0000000e+00
   1.1000000e+00   0.0000000e+00   0.0000000e+00
   1.1100000e+00   0.0000000e+00   0.0000000e+00
   1.1200000e+00   0.0000000e+00   0.0000000e+00
   1.1300000e+00   0.0000000e+00   0.0000000e+00
   1.1400000e+00   0.0000000e+00   0.0000000e+00
   1.1500000e+00   0.0000000e+00   0.0000000e+00
   1.1600000e+00   0.0000000e+00   0.0000000e+00
   1.1700000e+00   0.0000000e+00   0.0000000e+00
   1.1800000e+00   0.0000000e+00   0.0000000e+00
   1.1900000e+00   0.0000000e+00   0.0000000e+00
   1.2000000e+00   0.0000000e+00   0.0000000e+00
   1.2100000e+00   0.0000000e+00   0.0000000e+00
   1.2200000e+00   0.0000000e+00   0.0000000e+00
   1.2300000e+00   0.0000000e+00   0.0000000e+00
   1.2400000e+00   0.0000000e+00   0.0000000e+00
   1.2500000e+00   0.0000000e+00   0.0000000e+00
   1.2600000e+00   0.0000000e+00   0.0000000e+00
   1.2700000e+00   0.0000000e+00   0.0000000e+00
   1.2800000e+00   0.0000000e+00   0.0000000e+00
   1.2900000e+00   0.0000000e+00   0.0000000e+00
   1.3000000e+00   0.0000000e+00   0.0000000e+00
   1.3100000e+00   0.0000000e+00   0.0000000e+00
   1.3200000e+00   0.0000000e+00   0.0000000e+00
   1.3300000e+00   0.0000000e+00   0.0000000e+00
   1.3400000e+00   0.0000000e+00   0.0000000e+00
   1.3500000e+00   0.0000000e+00   0.0000000e+00
   1.3600000e+00   0.0000000e+00   0.0000000e+00
   1.3700000e+00   0.0000000e+00   0.0000000e+00
   1.3800000e+00   0.0000000e+00   0.0000000e+00
   1.3900000e+00   0.0000000e+00   0.0000000e+00
   1.4000000e+00   0.0000000e+00   0.0000000e+00
   1.4100000e+00   0.0000000e+00   0.0000000e+00
   1.4200000e+00   0.0000000e+00   0.0000000e+00
   1.4300000e+00   0.0000000e+00   0.0000000e+00
   1.4400000e+00   0.0000000e+00   0.0000000e+00
   1.4500000e+00   0.0000000e+00   0.0000000e+00
   1.4600000e+00   0.0000000e+00   0.0000000e+00
   1.4700000e+00   0.0000000e+00   0.0000000e+00
   1.4800000e+00   0.0000000e+00   0.0000000e+00
   1.4900000e+00   0.0000000e+00   0.0000000e+00
   1.5000000e+00   0.0000000e+00   0.0000000e+00
   1.5100000e+00   0.0000000e+00   0.0000000e+00
   1.5200000e+00   0.0000000e+00   0.0000000e+00
   1.5300000e+00   0.0000000e+00   0.0000000e+00
   1.5400000e+00   0.0000000e+00   0.0000000e+00
   1.5500000e+00   0.0000000e+00   0.0000000e+00
   1.5600000e+00   0.0000000e+00   0.0000000e+00
   1.5700000e+00   0.0000000e+00   0.0000000e+00
   1.5800000e+00   0.0000000e+00   0.0000000e+00
   1.5900000e+00   0.0000000e+00   0.0000000e+00
   1.6000000e+00   0.0000000e+00   0.0000000e+00
   1.6100000e+00   0.0000000e+00   0.0000000e+00
   1.6200000e+00   0.0000000e+00   0.0000000e+00
   1.6300000e+00   0.0000000e+00   0.0000000e+00
   1.6400000e+00   0.0000000e+00   0.0000000e+00
   1.6500000e+00   0.0000000e+00   0.0000000e+00
   1.6600000e+00   0.0000000e+00   0.0000000e+00
   1.6700000e+00   0.0000000e+00   0.0000000e+00
   1.6800000e+00   0.0000000e+00   0.0000000e+00
   1.6900000e+00   0.0000000e+00   0.0000000e+00
   1.7000000e+00   0.0000000e+00   0.0000000e+00
   1.7100000e+00   0.0000000e+00   0.0000000e+00
   1.7200000e+00   0.0000000e+00   0.0000000e+00
   1.7300000e+00   0.0000000e+00   0.0000000e+00
   1.7400000e+00   0.0000000e+00   0.0000000e+00
   1.7500000e+00   0.0000000e+00   0.0000000e+00
   1.7600000e+00   0.0000000e+00   0.0000000e+00
   1.7700000e+00   0.0000000e+00   0.0000000e+00
   1.7800000e+00   0.0000000e+00   0.0000000e+00
   1.7900000e+00   0.0000000e+00   0.0000000e+00
   1.8000000e+00   0.0000000e+00   0.0000000e+00
   1.8100000e+00   0.0000000e+00   0.0000000e+00
   1.8200000e+00   0.0000000e+00   0.0000000e+00
   1.8300000e+00   0.0000000e+00   0.0000000e+00
   1.8400000e+00   0.0000000e+00   0.0000000e+00
   1.8500000e+00   0.0000000e+00   0.0000000e+00
   1.8600000e+00   0.0000000e+00   0.0000000e+00
   1.8700000e+00   0.0000000e+00   0.0000000e+00
   1.8800000e+00   0.0000000e+00   0.0000000e+00
   1.8900000e+00   0.0000000e+00   0.0000000e+00
   1.9000000e+00   0.0000000e+00   0.0000000e+00
   1.9100000e+00   0.0000000e+00   0.0000000e+00
   1.9200000e+00   0.0000000e+00   0.0000000e+00
   1.9300000e+00   0.0000000e+00   0.0000000e+00
   1.9400000e+00   0.0000000e+00   0.0000000e+00
   1.9500000e+00   0.0000000e+00   0.0000000e+00
   1.9600000e+00   0.0000000e+00   0.0000000e+00
   1.9700000e+00   0.0000000e+00   0.0000000e+00
   1.9800000e+00   0.0000000e+00   0.0000000e+00
   1.9900000e+00   0.0000000e+00   0.0000000e+00
   2.0000000e+00   0.0000000e+00   0.0000000e+00
   2.0100000e+00   0.0000000e+00   0.0000000e+00
   2.0200000e+00   0.0000000e+00   0.0000000e+00
   2.0300000e+00   0.0000000e+00   0.0000000e+00
   2.0400000e+00   0.0000000e+00   0.0000000e+00
   2.0500000e+00   0.0000000e+00   0.0000000e+00
   2.0600000e+00   0.0000000e+00   0.0000000e+00
   2.0700000e+00   0.0000000e+00   0.0000000e+00
   2.0800000e+00   0.0000000e+00   0.0000000e+00
   2.0900000e+00   0.0000000e+00   0.0000000e+00
   2.1000000e+00   0.0000000e+00   0.0000000e+00
